Nx=96, Ny=96, T=1.0
u_linf=1.570342e-02
v_linf=2.563855e-02
p_linf_raw=2.930988e+01
p_linf_aligned=1.878878e+01
p_rel_pct=1411.50
