Nx=40, Ny=40, T=0.5
u_linf=6.694372e-02
v_linf=1.170284e-01
p_linf=2.995606e+01
