Nx=40, Ny=40, T=0.5
u_linf=4.626173e-02
v_linf=9.133979e-02
p_linf=3.075893e+01
